3	33940
4	18534
5	13615
6	10951
7	8911
8	7517
9	6548
10	5436
11	4783
12	4261
13	3890
14	3453
15	3031
16	2897
17	2571
18	2397
19	2230
20	2047
21	1889
22	1718
23	1612
24	1545
25	1470
26	1405
27	1272
28	1305
29	1217
30	1187
31	1031
32	1003
33	949
34	930
35	849
36	797
37	801
38	783
39	741
40	715
41	684
42	652
43	622
44	605
45	567
46	567
47	551
48	539
49	524
50	543
51	474
52	488
53	454
54	450
55	417
56	440
57	382
58	382
59	414
60	362
61	357
62	348
63	344
64	323
65	315
66	308
67	310
68	294
69	292
70	281
71	269
72	250
73	260
74	256
75	260
76	237
77	283
78	213
79	234
80	203
81	225
82	231
83	204
84	194
85	186
86	218
87	201
88	174
89	207
90	172
91	184
92	173
93	175
94	182
95	148
96	169
97	135
98	173
99	149
100	132
101	138
102	130
103	140
104	160
105	150
106	111
107	122
108	143
109	115
110	118
111	127
112	118
113	128
114	118
115	121
116	102
117	93
118	107
119	88
120	114
121	109
122	106
123	96
124	104
125	108
126	107
127	80
128	91
129	71
130	89
131	93
132	87
133	85
134	74
135	94
136	90
137	91
138	64
139	91
140	94
141	78
142	68
143	81
144	72
145	67
146	56
147	69
148	70
149	65
150	69
151	59
152	66
153	68
154	86
155	61
156	75
157	70
158	58
159	55
160	56
161	60
162	55
163	61
164	64
165	53
166	53
167	57
168	65
169	52
170	52
171	62
172	42
173	52
174	54
175	39
176	45
177	52
178	57
179	38
180	44
181	45
182	55
183	41
184	51
185	40
186	36
187	53
188	41
189	40
190	39
191	48
192	28
193	30
194	37
195	54
196	40
197	40
198	35
199	35
200	36
201	28
202	41
203	35
204	35
205	24
206	31
207	34
208	38
209	27
210	34
211	29
212	33
213	34
214	44
215	30
216	30
217	24
218	37
219	30
220	37
221	26
222	27
223	27
224	38
225	27
226	24
227	18
228	30
229	30
230	21
231	35
232	28
233	31
234	34
235	34
236	31
237	26
238	29
239	17
240	28
241	20
242	22
243	29
244	24
245	17
246	25
247	22
248	23
249	22
250	11
251	25
252	24
253	16
254	20
255	19
256	23
257	15
258	32
259	25
260	23
261	16
262	16
263	22
264	25
265	19
266	28
267	23
268	22
269	19
270	11
271	26
272	22
273	31
274	24
275	18
276	17
277	16
278	22
279	20
280	20
281	24
282	18
283	12
284	19
285	21
286	14
287	18
288	17
289	13
290	18
291	10
292	14
293	16
294	17
295	21
296	16
297	13
298	19
299	19
300	18
301	17
302	14
303	15
304	17
305	14
306	21
307	10
308	16
309	10
310	20
311	22
312	21
313	9
314	14
315	10
316	14
317	23
318	12
319	9
320	17
321	12
322	10
323	14
324	14
325	13
326	13
327	15
328	18
329	20
330	11
331	11
332	11
333	12
334	17
335	13
336	12
337	13
338	12
339	24
340	14
341	7
342	14
343	11
344	12
345	11
346	11
347	13
348	10
349	11
350	9
351	21
352	11
353	15
354	7
355	14
356	15
357	11
358	12
359	5
360	5
361	7
362	12
363	10
364	15
365	8
366	5
367	9
368	4
369	12
370	11
371	9
372	7
373	12
374	13
375	8
376	13
377	6
378	9
379	7
380	11
381	16
382	10
383	6
384	16
385	12
386	12
387	8
388	10
389	6
390	8
391	7
392	16
393	13
394	11
395	11
396	6
397	9
398	2
399	6
400	9
401	6
402	15
403	9
404	5
405	9
406	8
407	6
408	11
409	5
410	4
411	4
412	10
413	7
414	9
415	15
416	9
417	5
418	3
419	10
420	2
421	7
422	6
423	9
424	3
425	6
426	8
427	4
428	10
429	6
430	4
431	4
432	7
433	9
434	3
435	7
436	7
437	6
438	6
439	4
440	5
441	5
442	6
443	5
444	9
445	4
446	9
447	6
448	6
449	6
450	6
451	4
452	3
453	9
454	6
455	10
456	5
457	9
458	5
459	14
460	5
461	5
462	5
463	8
464	6
465	9
466	8
467	5
468	7
469	8
470	5
471	5
472	5
473	6
474	6
475	3
476	8
477	5
478	5
479	7
480	7
481	2
482	4
483	11
484	3
485	4
486	8
487	4
488	4
489	6
490	5
491	5
492	8
493	7
494	5
495	6
496	3
497	7
498	6
499	3
500	5
501	4
502	6
503	3
504	3
505	6
506	7
507	4
508	4
509	6
510	4
511	4
512	7
513	3
514	2
515	3
516	2
517	6
518	6
519	3
520	4
521	6
522	2
523	2
524	2
525	7
526	6
527	4
529	3
530	4
531	3
532	2
533	4
534	5
535	7
536	2
537	3
538	1
540	1
541	8
542	3
543	7
544	12
545	3
546	5
547	3
548	1
549	4
550	6
551	2
552	4
553	5
554	5
555	4
556	3
557	4
558	2
559	2
560	1
561	2
562	4
563	2
565	2
566	6
567	4
568	5
569	3
571	2
572	3
573	2
574	7
575	7
576	6
577	1
578	4
579	3
580	3
581	4
582	1
583	3
584	4
585	4
586	4
587	3
588	1
589	3
590	5
592	1
593	3
594	5
595	2
596	3
597	1
598	3
600	4
601	4
602	1
603	2
604	3
605	1
606	3
607	1
608	2
609	1
610	4
611	6
612	4
613	2
614	6
615	1
616	2
618	2
620	2
621	3
622	5
623	1
624	6
625	4
626	2
627	2
628	2
629	3
630	2
631	3
632	4
633	3
634	4
635	2
636	1
637	4
638	4
639	2
640	1
641	3
642	3
643	5
645	5
646	2
647	2
649	4
650	1
651	2
652	1
653	2
654	4
655	5
656	1
658	3
659	3
660	3
661	1
662	3
663	1
664	3
665	3
666	3
667	1
668	2
669	4
670	1
671	2
672	1
675	2
676	1
677	1
678	3
679	5
680	2
681	4
682	1
683	4
684	3
685	1
686	3
687	3
688	3
689	2
690	2
691	1
692	3
693	3
695	2
696	2
700	2
701	4
703	2
704	3
706	3
707	1
708	1
709	1
711	2
712	6
714	2
715	2
716	1
717	1
718	3
719	3
720	2
721	1
722	2
724	1
725	3
726	1
727	2
728	1
732	2
735	2
739	2
740	2
741	1
742	1
744	4
745	2
747	1
748	1
750	1
751	1
752	3
757	1
759	2
760	2
761	2
762	1
763	3
765	2
770	4
772	1
773	1
774	1
775	1
776	1
778	3
779	2
780	1
782	1
783	1
784	1
785	1
786	3
787	3
790	3
792	1
793	1
794	2
795	1
798	2
799	1
800	3
801	1
802	1
803	1
804	1
805	1
806	2
807	4
808	1
809	1
810	1
811	3
812	2
813	1
815	3
816	2
817	2
820	1
821	4
822	3
824	1
825	1
826	1
828	2
829	1
830	2
832	4
834	2
835	2
836	2
837	1
838	1
839	2
840	2
847	1
849	1
850	1
851	1
852	1
853	2
854	1
855	4
857	1
859	1
861	4
862	3
865	2
866	1
867	1
868	2
869	1
870	2
872	1
873	2
876	2
879	2
880	1
882	1
883	1
884	1
886	1
888	2
889	1
893	2
894	2
895	3
896	1
897	1
898	1
899	1
900	1
901	1
902	1
905	2
907	2
908	3
910	1
912	2
913	1
914	1
915	1
917	2
921	2
928	3
929	2
930	1
931	2
932	2
934	2
935	1
936	3
938	1
939	1
940	1
941	1
942	1
943	3
945	3
946	1
947	1
948	2
949	1
950	1
951	1
952	2
953	1
954	1
959	2
961	1
962	1
965	1
966	2
967	1
969	1
970	1
972	2
974	1
975	1
976	2
980	1
982	2
984	1
985	1
987	1
991	2
992	1
993	2
998	2
999	2
1000	263
2000	51
3000	23
4000	6
5000	3
6000	1
8000	2
